{
 "cells": [
  {
   "cell_type": "code",
   "execution_count": 4,
   "id": "4a2f5160-c4c6-4cd1-a7c4-04cd393b2845",
   "metadata": {},
   "outputs": [],
   "source": [
    "import torch\n",
    "\n",
    "inputs = torch.tensor(\n",
    "    [[0.43, 0.15, 0.89],  # Your\n",
    "     [0.55, 0.87, 0.66],  # journey\n",
    "     [0.57, 0.85, 0.64],  # starts\n",
    "     [0.22, 0.58, 0.33],  # with\n",
    "     [0.77, 0.25, 0.10],  # one\n",
    "     [0.05, 0.80, 0.55]]  # step\n",
    ")"
   ]
  },
  {
   "cell_type": "code",
   "execution_count": 5,
   "id": "6aa45570",
   "metadata": {},
   "outputs": [
    {
     "name": "stdout",
     "output_type": "stream",
     "text": [
      "tensor([0.9544, 1.4950, 1.4754, 0.8434, 0.7070, 1.0865])\n"
     ]
    }
   ],
   "source": [
    "query = inputs[1]\n",
    "attn_score_2 = torch.empty(inputs.shape[0])\n",
    "\n",
    "for i, x_i in enumerate(inputs):\n",
    "    attn_score_2[i] = torch.dot(query, x_i)\n",
    "\n",
    "print(attn_score_2)\n"
   ]
  },
  {
   "cell_type": "code",
   "execution_count": 6,
   "id": "0d71e68f",
   "metadata": {},
   "outputs": [
    {
     "name": "stdout",
     "output_type": "stream",
     "text": [
      "Attention weights:\n",
      " tensor([0.1455, 0.2278, 0.2249, 0.1285, 0.1077, 0.1656])\n",
      "Sum:  tensor(1.0000)\n"
     ]
    }
   ],
   "source": [
    "attn_weights_2_tmp = attn_score_2 / attn_score_2.sum()\n",
    "print(\"Attention weights:\\n\", attn_weights_2_tmp)\n",
    "print(\"Sum: \", attn_weights_2_tmp.sum())"
   ]
  },
  {
   "cell_type": "code",
   "execution_count": 7,
   "id": "876a44a0",
   "metadata": {},
   "outputs": [
    {
     "name": "stdout",
     "output_type": "stream",
     "text": [
      "Attention weights:\n",
      " tensor([0.1385, 0.2379, 0.2333, 0.1240, 0.1082, 0.1581])\n",
      "Sum:  tensor(1.)\n"
     ]
    }
   ],
   "source": [
    "def softmax_naive(x):\n",
    "    return torch.exp(x) / torch.exp(x).sum(dim=0)\n",
    "\n",
    "attn_weights_2 = softmax_naive(attn_score_2)\n",
    "print(\"Attention weights:\\n\", attn_weights_2)\n",
    "print(\"Sum: \", attn_weights_2.sum())"
   ]
  },
  {
   "cell_type": "code",
   "execution_count": 8,
   "id": "8bda4020",
   "metadata": {},
   "outputs": [
    {
     "name": "stdout",
     "output_type": "stream",
     "text": [
      "Attention weights:\n",
      " tensor([0.1385, 0.2379, 0.2333, 0.1240, 0.1082, 0.1581])\n",
      "Sum:  tensor(1.)\n"
     ]
    }
   ],
   "source": [
    "attn_weights_2 = torch.softmax(attn_score_2, dim=0)\n",
    "print(\"Attention weights:\\n\", attn_weights_2)\n",
    "print(\"Sum: \", attn_weights_2.sum())"
   ]
  },
  {
   "cell_type": "code",
   "execution_count": 9,
   "id": "3d85e652",
   "metadata": {},
   "outputs": [
    {
     "name": "stdout",
     "output_type": "stream",
     "text": [
      "Context vector:\n",
      " tensor([0.4419, 0.6515, 0.5683])\n"
     ]
    }
   ],
   "source": [
    "query = inputs[1]\n",
    "context_vec_2 = torch.zeros(query.shape)\n",
    "for i, x_i in enumerate(inputs):\n",
    "    context_vec_2 += attn_weights_2[i] * x_i\n",
    "print(\"Context vector:\\n\", context_vec_2)"
   ]
  },
  {
   "cell_type": "code",
   "execution_count": 10,
   "id": "b88d081a",
   "metadata": {},
   "outputs": [
    {
     "name": "stdout",
     "output_type": "stream",
     "text": [
      "Attention scores:\n",
      " tensor([[0.9995, 0.9544, 0.9422, 0.4753, 0.4576, 0.6310],\n",
      "        [0.9544, 1.4950, 1.4754, 0.8434, 0.7070, 1.0865],\n",
      "        [0.9422, 1.4754, 1.4570, 0.8296, 0.7154, 1.0605],\n",
      "        [0.4753, 0.8434, 0.8296, 0.4937, 0.3474, 0.6565],\n",
      "        [0.4576, 0.7070, 0.7154, 0.3474, 0.6654, 0.2935],\n",
      "        [0.6310, 1.0865, 1.0605, 0.6565, 0.2935, 0.9450]])\n",
      "tensor([[0.9995, 0.9544, 0.9422, 0.4753, 0.4576, 0.6310],\n",
      "        [0.9544, 1.4950, 1.4754, 0.8434, 0.7070, 1.0865],\n",
      "        [0.9422, 1.4754, 1.4570, 0.8296, 0.7154, 1.0605],\n",
      "        [0.4753, 0.8434, 0.8296, 0.4937, 0.3474, 0.6565],\n",
      "        [0.4576, 0.7070, 0.7154, 0.3474, 0.6654, 0.2935],\n",
      "        [0.6310, 1.0865, 1.0605, 0.6565, 0.2935, 0.9450]])\n"
     ]
    }
   ],
   "source": [
    "attn_scores = torch.empty(6, 6)\n",
    "for i, x_i in enumerate(inputs):\n",
    "    for j, x_j in enumerate(inputs):\n",
    "        attn_scores[i, j] = torch.dot(x_i, x_j)\n",
    "print(\"Attention scores:\\n\", attn_scores)\n",
    "\n",
    "# However, they can be implemented in the following way better:\n",
    "\n",
    "attn_scores = inputs @ inputs.T\n",
    "print(attn_scores)"
   ]
  },
  {
   "cell_type": "code",
   "execution_count": 11,
   "id": "1cc37a7f",
   "metadata": {},
   "outputs": [
    {
     "name": "stdout",
     "output_type": "stream",
     "text": [
      "tensor([[0.2098, 0.2006, 0.1981, 0.1242, 0.1220, 0.1452],\n",
      "        [0.1385, 0.2379, 0.2333, 0.1240, 0.1082, 0.1581],\n",
      "        [0.1390, 0.2369, 0.2326, 0.1242, 0.1108, 0.1565],\n",
      "        [0.1435, 0.2074, 0.2046, 0.1462, 0.1263, 0.1720],\n",
      "        [0.1526, 0.1958, 0.1975, 0.1367, 0.1879, 0.1295],\n",
      "        [0.1385, 0.2184, 0.2128, 0.1420, 0.0988, 0.1896]])\n"
     ]
    }
   ],
   "source": [
    "attn_weights = torch.softmax(attn_scores, dim=-1)\n",
    "print(attn_weights)"
   ]
  },
  {
   "cell_type": "code",
   "execution_count": 12,
   "id": "3fda194f",
   "metadata": {},
   "outputs": [
    {
     "name": "stdout",
     "output_type": "stream",
     "text": [
      "tensor([[0.4421, 0.5931, 0.5790],\n",
      "        [0.4419, 0.6515, 0.5683],\n",
      "        [0.4431, 0.6496, 0.5671],\n",
      "        [0.4304, 0.6298, 0.5510],\n",
      "        [0.4671, 0.5910, 0.5266],\n",
      "        [0.4177, 0.6503, 0.5645]])\n"
     ]
    }
   ],
   "source": [
    "all_context_vecs = attn_weights @ inputs\n",
    "print(all_context_vecs)"
   ]
  },
  {
   "cell_type": "code",
   "execution_count": 13,
   "id": "575d00d4",
   "metadata": {},
   "outputs": [
    {
     "name": "stdout",
     "output_type": "stream",
     "text": [
      "Parameter containing:\n",
      "tensor([[0.2961, 0.5166],\n",
      "        [0.2517, 0.6886],\n",
      "        [0.0740, 0.8665]])\n",
      "Parameter containing:\n",
      "tensor([[0.1366, 0.1025],\n",
      "        [0.1841, 0.7264],\n",
      "        [0.3153, 0.6871]])\n",
      "Parameter containing:\n",
      "tensor([[0.0756, 0.1966],\n",
      "        [0.3164, 0.4017],\n",
      "        [0.1186, 0.8274]])\n"
     ]
    }
   ],
   "source": [
    "# Start here with trainable weights\n",
    "\n",
    "x_2 = inputs[1]\n",
    "d_in = inputs.shape[1]\n",
    "d_out = 2\n",
    "\n",
    "torch.manual_seed(123)\n",
    "\n",
    "W_query = torch.nn.Parameter(torch.rand(d_in, d_out), requires_grad=False)\n",
    "W_key = torch.nn.Parameter(torch.rand(d_in, d_out), requires_grad=False)\n",
    "W_value = torch.nn.Parameter(torch.rand(d_in, d_out), requires_grad=False)\n",
    "\n",
    "print(W_query)\n",
    "print(W_key)\n",
    "print(W_value)\n"
   ]
  },
  {
   "cell_type": "code",
   "execution_count": 14,
   "id": "482cf8f0",
   "metadata": {},
   "outputs": [
    {
     "name": "stdout",
     "output_type": "stream",
     "text": [
      "tensor([0.4306, 1.4551])\n",
      "tensor([0.4433, 1.1419])\n",
      "tensor([0.3951, 1.0037])\n"
     ]
    }
   ],
   "source": [
    "query_2 = x_2 @ W_query\n",
    "key_2 = x_2 @ W_key\n",
    "value_2 = x_2 @ W_value\n",
    "\n",
    "print(query_2)\n",
    "print(key_2)\n",
    "print(value_2)"
   ]
  },
  {
   "cell_type": "code",
   "execution_count": 15,
   "id": "1b9a6a2a",
   "metadata": {},
   "outputs": [
    {
     "name": "stdout",
     "output_type": "stream",
     "text": [
      "tensor([[0.3669, 0.7646],\n",
      "        [0.4433, 1.1419],\n",
      "        [0.4361, 1.1156],\n",
      "        [0.2408, 0.6706],\n",
      "        [0.1827, 0.3292],\n",
      "        [0.3275, 0.9642]])\n",
      "tensor([[0.1855, 0.8812],\n",
      "        [0.3951, 1.0037],\n",
      "        [0.3879, 0.9831],\n",
      "        [0.2393, 0.5493],\n",
      "        [0.1492, 0.3346],\n",
      "        [0.3221, 0.7863]])\n"
     ]
    }
   ],
   "source": [
    "keys = inputs @ W_key\n",
    "values = inputs @ W_value\n",
    "\n",
    "print(keys)\n",
    "print(values)"
   ]
  },
  {
   "cell_type": "code",
   "execution_count": 16,
   "id": "94856eca",
   "metadata": {},
   "outputs": [
    {
     "name": "stdout",
     "output_type": "stream",
     "text": [
      "tensor(1.8524)\n",
      "tensor([1.2705, 1.8524, 1.8111, 1.0795, 0.5577, 1.5440])\n"
     ]
    }
   ],
   "source": [
    "keys_2 = keys[1]\n",
    "attn_score_22 = query_2.dot(keys_2)\n",
    "print(attn_score_22)\n",
    "\n",
    "attn_scores_2 = query_2 @ keys.T\n",
    "print(attn_scores_2)"
   ]
  },
  {
   "cell_type": "code",
   "execution_count": 17,
   "id": "2d0f2d69",
   "metadata": {},
   "outputs": [
    {
     "name": "stdout",
     "output_type": "stream",
     "text": [
      "tensor([0.1500, 0.2264, 0.2199, 0.1311, 0.0906, 0.1820])\n"
     ]
    }
   ],
   "source": [
    "d_k = keys.shape[-1]\n",
    "attn_weights_2 = torch.softmax(attn_scores_2 / d_k**0.5, dim=-1)\n",
    "print(attn_weights_2)"
   ]
  },
  {
   "cell_type": "code",
   "execution_count": 18,
   "id": "8278533f",
   "metadata": {},
   "outputs": [
    {
     "name": "stdout",
     "output_type": "stream",
     "text": [
      "tensor([0.3061, 0.8210])\n"
     ]
    }
   ],
   "source": [
    "context_vec_2 = attn_weights_2 @ values\n",
    "print(context_vec_2)"
   ]
  },
  {
   "cell_type": "code",
   "execution_count": null,
   "id": "f6126e77",
   "metadata": {},
   "outputs": [],
   "source": [
    "# Compact self-attention class\n",
    "\n",
    "import torch.nn as nn\n",
    "\n",
    "class SelfAttention_v1(nn.Module):\n",
    "    def __init__(self, d_in, d_out):\n",
    "        super().__init__()\n",
    "        self.W_query = nn.Parameter(torch.rand(d_in, d_out))\n",
    "        self.W_key = nn.Parameter(torch.rand(d_in, d_out))\n",
    "        self.W_value = nn.Parameter(torch.rand(d_in, d_out))\n",
    "\n",
    "    def forward(self, x):\n",
    "        keys = x @ self.W_key\n",
    "        queries = x @ self.W_query\n",
    "        values = x @ self.W_value\n",
    "        \n",
    "        attn_scores = queries @ keys.T # Omega\n",
    "        attn_weights = torch.softmax(\n",
    "            attn_scores / keys.shape[-1]**0.5, dim=-1\n",
    "        )\n",
    "        context_vec = attn_weights @ values\n",
    "        return context_vec\n"
   ]
  },
  {
   "cell_type": "code",
   "execution_count": 35,
   "id": "56f09958",
   "metadata": {},
   "outputs": [
    {
     "name": "stdout",
     "output_type": "stream",
     "text": [
      "tensor([[0.2996, 0.8053],\n",
      "        [0.3061, 0.8210],\n",
      "        [0.3058, 0.8203],\n",
      "        [0.2948, 0.7939],\n",
      "        [0.2927, 0.7891],\n",
      "        [0.2990, 0.8040]], grad_fn=<MmBackward0>)\n"
     ]
    }
   ],
   "source": [
    "torch.manual_seed(123)\n",
    "sa_v1 = SelfAttention_v1(d_in, d_out)\n",
    "print(sa_v1(inputs))"
   ]
  },
  {
   "cell_type": "code",
   "execution_count": 36,
   "id": "c74fec94",
   "metadata": {},
   "outputs": [],
   "source": [
    "class SelfAttention_v2(nn.Module):\n",
    "    def __init__(self, d_in, d_out, qkv_bias=False):\n",
    "        super().__init__()\n",
    "        self.W_query = nn.Linear(d_in, d_out, bias=qkv_bias)\n",
    "        self.W_key = nn.Linear(d_in, d_out, bias=qkv_bias)\n",
    "        self.W_value = nn.Linear(d_in, d_out, bias=qkv_bias)\n",
    "\n",
    "    def forward(self, x):\n",
    "        keys = self.W_key(x)\n",
    "        queries = self.W_query(x)\n",
    "        values = self.W_value(x)\n",
    "\n",
    "        attn_scores = queries @ keys.T # Omega\n",
    "        attn_weights = torch.softmax(\n",
    "            attn_scores / keys.shape[-1]**0.5, dim=-1\n",
    "        )\n",
    "        context_vec = attn_weights @ values\n",
    "        return context_vec"
   ]
  },
  {
   "cell_type": "code",
   "execution_count": 38,
   "id": "a6644280",
   "metadata": {},
   "outputs": [
    {
     "name": "stdout",
     "output_type": "stream",
     "text": [
      "tensor([[-0.0739,  0.0713],\n",
      "        [-0.0748,  0.0703],\n",
      "        [-0.0749,  0.0702],\n",
      "        [-0.0760,  0.0685],\n",
      "        [-0.0763,  0.0679],\n",
      "        [-0.0754,  0.0693]], grad_fn=<MmBackward0>)\n"
     ]
    }
   ],
   "source": [
    "torch.manual_seed(789)\n",
    "sa_v2 = SelfAttention_v2(d_in, d_out)\n",
    "print(sa_v2(inputs))"
   ]
  },
  {
   "cell_type": "code",
   "execution_count": null,
   "id": "62e00e5d",
   "metadata": {},
   "outputs": [
    {
     "name": "stdout",
     "output_type": "stream",
     "text": [
      "tensor([[0.1921, 0.1646, 0.1652, 0.1550, 0.1721, 0.1510],\n",
      "        [0.2041, 0.1659, 0.1662, 0.1496, 0.1665, 0.1477],\n",
      "        [0.2036, 0.1659, 0.1662, 0.1498, 0.1664, 0.1480],\n",
      "        [0.1869, 0.1667, 0.1668, 0.1571, 0.1661, 0.1564],\n",
      "        [0.1830, 0.1669, 0.1670, 0.1588, 0.1658, 0.1585],\n",
      "        [0.1935, 0.1663, 0.1666, 0.1542, 0.1666, 0.1529]],\n",
      "       grad_fn=<SoftmaxBackward0>)\n"
     ]
    }
   ],
   "source": [
    "queries = sa_v2.W_query(inputs)\n",
    "keys = sa_v2.W_key(inputs)\n",
    "\n",
    "# Get normal/usual attention weights\n",
    "\n",
    "attn_scores = queries @ keys.T\n",
    "attn_weights = torch.softmax(attn_scores / keys.shape[-1]**0.5, dim=-1)\n",
    "print(attn_weights)"
   ]
  },
  {
   "cell_type": "code",
   "execution_count": 42,
   "id": "fba1873a",
   "metadata": {},
   "outputs": [
    {
     "name": "stdout",
     "output_type": "stream",
     "text": [
      "tensor([[1., 0., 0., 0., 0., 0.],\n",
      "        [1., 1., 0., 0., 0., 0.],\n",
      "        [1., 1., 1., 0., 0., 0.],\n",
      "        [1., 1., 1., 1., 0., 0.],\n",
      "        [1., 1., 1., 1., 1., 0.],\n",
      "        [1., 1., 1., 1., 1., 1.]])\n",
      "tensor([[0.1921, 0.0000, 0.0000, 0.0000, 0.0000, 0.0000],\n",
      "        [0.2041, 0.1659, 0.0000, 0.0000, 0.0000, 0.0000],\n",
      "        [0.2036, 0.1659, 0.1662, 0.0000, 0.0000, 0.0000],\n",
      "        [0.1869, 0.1667, 0.1668, 0.1571, 0.0000, 0.0000],\n",
      "        [0.1830, 0.1669, 0.1670, 0.1588, 0.1658, 0.0000],\n",
      "        [0.1935, 0.1663, 0.1666, 0.1542, 0.1666, 0.1529]],\n",
      "       grad_fn=<MulBackward0>)\n"
     ]
    }
   ],
   "source": [
    "# Second step: Mask with 0's above diagonal\n",
    "\n",
    "context_length = attn_scores.shape[0]\n",
    "mask_simple = torch.tril(torch.ones(context_length, context_length))\n",
    "print(mask_simple)\n",
    "\n",
    "masked_simple = attn_weights * mask_simple\n",
    "print(masked_simple)"
   ]
  },
  {
   "cell_type": "code",
   "execution_count": 43,
   "id": "4a649e87",
   "metadata": {},
   "outputs": [
    {
     "name": "stdout",
     "output_type": "stream",
     "text": [
      "tensor([[1.0000, 0.0000, 0.0000, 0.0000, 0.0000, 0.0000],\n",
      "        [0.5517, 0.4483, 0.0000, 0.0000, 0.0000, 0.0000],\n",
      "        [0.3800, 0.3097, 0.3103, 0.0000, 0.0000, 0.0000],\n",
      "        [0.2758, 0.2460, 0.2462, 0.2319, 0.0000, 0.0000],\n",
      "        [0.2175, 0.1983, 0.1984, 0.1888, 0.1971, 0.0000],\n",
      "        [0.1935, 0.1663, 0.1666, 0.1542, 0.1666, 0.1529]],\n",
      "       grad_fn=<DivBackward0>)\n"
     ]
    }
   ],
   "source": [
    "# Third step: Normalize the rows\n",
    "\n",
    "row_sums = masked_simple.sum(dim=-1, keepdim=True)\n",
    "masked_simple_norm = masked_simple / row_sums\n",
    "print(masked_simple_norm)"
   ]
  },
  {
   "cell_type": "code",
   "execution_count": null,
   "id": "63e337cf",
   "metadata": {},
   "outputs": [
    {
     "name": "stdout",
     "output_type": "stream",
     "text": [
      "tensor([[1.0000, 0.0000, 0.0000, 0.0000, 0.0000, 0.0000],\n",
      "        [0.5517, 0.4483, 0.0000, 0.0000, 0.0000, 0.0000],\n",
      "        [0.3800, 0.3097, 0.3103, 0.0000, 0.0000, 0.0000],\n",
      "        [0.2758, 0.2460, 0.2462, 0.2319, 0.0000, 0.0000],\n",
      "        [0.2175, 0.1983, 0.1984, 0.1888, 0.1971, 0.0000],\n",
      "        [0.1935, 0.1663, 0.1666, 0.1542, 0.1666, 0.1529]],\n",
      "       grad_fn=<SoftmaxBackward0>)\n"
     ]
    }
   ],
   "source": [
    "# More efficient way to do the same thing\n",
    "\n",
    "mask = torch.triu(torch.ones(context_length, context_length), diagonal=1)\n",
    "masked = attn_scores.masked_fill(mask.bool(), -torch.inf)\n",
    "attn_weights = torch.softmax(masked / keys.shape[-1]**0.5, dim=-1)\n",
    "print(attn_weights)"
   ]
  },
  {
   "cell_type": "code",
   "execution_count": 56,
   "id": "af6fb93e",
   "metadata": {},
   "outputs": [
    {
     "name": "stdout",
     "output_type": "stream",
     "text": [
      "tensor([[2., 2., 0., 2., 2., 0.],\n",
      "        [0., 0., 0., 2., 0., 2.],\n",
      "        [2., 2., 2., 2., 0., 2.],\n",
      "        [0., 2., 2., 0., 0., 2.],\n",
      "        [0., 2., 0., 2., 0., 2.],\n",
      "        [0., 2., 2., 2., 2., 0.]])\n"
     ]
    }
   ],
   "source": [
    "torch.manual_seed(123)\n",
    "dropout = torch.nn.Dropout(0.5)\n",
    "example = torch.ones(6, 6)\n",
    "print(dropout(example))"
   ]
  },
  {
   "cell_type": "code",
   "execution_count": 57,
   "id": "8bd9de97",
   "metadata": {},
   "outputs": [
    {
     "name": "stdout",
     "output_type": "stream",
     "text": [
      "tensor([[2.0000, 0.0000, 0.0000, 0.0000, 0.0000, 0.0000],\n",
      "        [0.0000, 0.0000, 0.0000, 0.0000, 0.0000, 0.0000],\n",
      "        [0.0000, 0.6194, 0.6206, 0.0000, 0.0000, 0.0000],\n",
      "        [0.0000, 0.0000, 0.4925, 0.4638, 0.0000, 0.0000],\n",
      "        [0.0000, 0.0000, 0.0000, 0.0000, 0.3941, 0.0000],\n",
      "        [0.3869, 0.3327, 0.0000, 0.3084, 0.3331, 0.3058]],\n",
      "       grad_fn=<MulBackward0>)\n"
     ]
    }
   ],
   "source": [
    "print(dropout(attn_weights))"
   ]
  },
  {
   "cell_type": "code",
   "execution_count": 60,
   "id": "8d2fc749",
   "metadata": {},
   "outputs": [
    {
     "name": "stdout",
     "output_type": "stream",
     "text": [
      "torch.Size([2, 6, 3])\n"
     ]
    }
   ],
   "source": [
    "batch = torch.stack((inputs, inputs), dim=0)\n",
    "print(batch.shape)"
   ]
  },
  {
   "cell_type": "code",
   "execution_count": 61,
   "id": "69d8997b",
   "metadata": {},
   "outputs": [
    {
     "name": "stdout",
     "output_type": "stream",
     "text": [
      "tensor([[[0.4300, 0.1500, 0.8900],\n",
      "         [0.5500, 0.8700, 0.6600],\n",
      "         [0.5700, 0.8500, 0.6400],\n",
      "         [0.2200, 0.5800, 0.3300],\n",
      "         [0.7700, 0.2500, 0.1000],\n",
      "         [0.0500, 0.8000, 0.5500]],\n",
      "\n",
      "        [[0.4300, 0.1500, 0.8900],\n",
      "         [0.5500, 0.8700, 0.6600],\n",
      "         [0.5700, 0.8500, 0.6400],\n",
      "         [0.2200, 0.5800, 0.3300],\n",
      "         [0.7700, 0.2500, 0.1000],\n",
      "         [0.0500, 0.8000, 0.5500]]])\n"
     ]
    }
   ],
   "source": [
    "print(batch)"
   ]
  },
  {
   "cell_type": "code",
   "execution_count": 64,
   "id": "c9e68bb6",
   "metadata": {},
   "outputs": [],
   "source": [
    "# Compact causal attention class\n",
    "\n",
    "class CausalAttention(nn.Module):\n",
    "    def __init__(self, d_in, d_out, context_length,\n",
    "                 dropout, qkv_bias=False):\n",
    "        super().__init__()\n",
    "        self.d_out = d_out\n",
    "        self.W_query = nn.Linear(d_in, d_out, bias=qkv_bias)\n",
    "        self.W_key   = nn.Linear(d_in, d_out, bias=qkv_bias)\n",
    "        self.W_value = nn.Linear(d_in, d_out, bias=qkv_bias)\n",
    "        self.dropout = nn.Dropout(dropout)\n",
    "        self.register_buffer(\n",
    "            'mask',\n",
    "            torch.triu(torch.ones(context_length, context_length),\n",
    "                       diagonal=1)\n",
    "        )\n",
    "\n",
    "    def forward(self, x):\n",
    "        b, num_tokens, d_in = x.shape\n",
    "        keys = self.W_key(x)\n",
    "        queries = self.W_query(x)\n",
    "        values = self.W_value(x)\n",
    "\n",
    "        attn_scores = queries @ keys.transpose(1, 2)\n",
    "        attn_scores.masked_fill_(\n",
    "            self.mask.bool()[:num_tokens, :num_tokens],\n",
    "            -torch.inf\n",
    "        )\n",
    "        attn_weights = torch.softmax(\n",
    "            attn_scores / keys.shape[-1]**0.5, dim=-1\n",
    "        )\n",
    "        attn_weights = self.dropout(attn_weights)\n",
    "\n",
    "        context_vec = attn_weights @ values\n",
    "        return context_vec"
   ]
  },
  {
   "cell_type": "code",
   "execution_count": 65,
   "id": "9cc5f6e3",
   "metadata": {},
   "outputs": [
    {
     "name": "stdout",
     "output_type": "stream",
     "text": [
      "context_vecs.shape: torch.Size([2, 6, 2])\n"
     ]
    }
   ],
   "source": [
    "torch.manual_seed(123)\n",
    "context_length = batch.shape[1]\n",
    "ca = CausalAttention(d_in, d_out, context_length, 0)\n",
    "context_vecs = ca(batch)\n",
    "print(\"context_vecs.shape:\", context_vecs.shape)"
   ]
  },
  {
   "cell_type": "code",
   "execution_count": null,
   "id": "cd96f4d7",
   "metadata": {},
   "outputs": [],
   "source": []
  }
 ],
 "metadata": {
  "kernelspec": {
   "display_name": "Python 3 (ipykernel)",
   "language": "python",
   "name": "python3"
  },
  "language_info": {
   "codemirror_mode": {
    "name": "ipython",
    "version": 3
   },
   "file_extension": ".py",
   "mimetype": "text/x-python",
   "name": "python",
   "nbconvert_exporter": "python",
   "pygments_lexer": "ipython3",
   "version": "3.13.1"
  }
 },
 "nbformat": 4,
 "nbformat_minor": 5
}
